62.47 2 213
65.78 3 226
58.05 2 179
52.09 2 188
74.98 3 215
55.87 2 152
90.66 3 290
113.68 3 375
97.92 2 305
46.33 2 166
134.55 3 385
151.15 3 500
63.01 2 195
65.66 2 200
108.81 3 310
66.19 3 205
54.1 2 158
73.44 2 270
51.78 2 150
92.42 3 310
59.13 2 180
49.49 1 200
51.68 2 155
52.87 2 178
69.46 2 303
76.41 2 250
63.1 2 218
62.47 2 213
65.78 3 226
58.05 2 179
52.09 2 188
74.98 3 215
55.87 2 152
90.66 3 290
113.68 3 375
97.92 2 305
46.33 2 166
134.55 3 385
151.15 3 500
63.01 2 195
65.66 2 200
108.81 3 310
66.19 3 205
54.1 2 158
73.44 2 270
51.78 2 150
92.42 3 310
59.13 2 180
49.49 1 200
51.68 2 155
52.87 2 178
69.46 2 303
76.41 2 250
63.1 2 218
62.47 2 213
65.78 3 226
58.05 2 179
52.09 2 188
74.98 3 215
55.87 2 152
90.66 3 290
113.68 3 375
97.92 2 305
46.33 2 166
134.55 3 385
151.15 3 500
63.01 2 195
65.66 2 200
108.81 3 310
66.19 3 205
54.1 2 158
73.44 2 270
51.78 2 150
92.42 3 310
59.13 2 180
49.49 1 200
51.68 2 155
52.87 2 178
69.46 2 303
76.41 2 250
63.1 2 218